Цикл з лічильником (від 1 до 5):
P_1 = 2.0
P_2 = 2.5
P_3 = 2.7777777777777777
P_4 = 2.951388888888889
P_5 = 3.0694444444444446

Генератор-функція:
P_0 = 1.0
P_1 = 2.0
P_2 = 2.5
P_3 = 2.7777777777777777
P_4 = 2.951388888888889
P_5 = 3.0694444444444446

Цикл з умовою (до 1/k² < 1e-6):
Остаточний P = 3.6724055060924186
Кількість ітерацій: 1000