Цикл з лічильником (від 1 до 10):
S_1 = 0.5
S_2 = 0.75
S_3 = 0.875
S_4 = 1.0
S_5 = 1.09375
S_6 = 1.15625
S_7 = 1.203125
S_8 = 1.23828125
S_9 = 1.263671875
S_10 = 1.2822265625

Генератор послідовності a_k:
a_1 = 1
a_2 = 1
a_3 = 1
a_4 = 2
a_5 = 3
a_6 = 4
a_7 = 6
a_8 = 9
a_9 = 13
a_10 = 19

Цикл з умовою (ε=1e-6):
Остаточна сума: 1.333330892533013
Кількість ітерацій: 42