Цикл з лічильником (від 0 до 10):
Xk_0 = 1.0
Xk_1 = 2.0
Xk_2 = 0.6666666666666666
Xk_3 = 0.08888888888888888
Xk_4 = 0.006349206349206348
Xk_5 = 0.0002821869488536155
Xk_6 = 8.551119662230772e-06
Xk_7 = 1.879366958732038e-07
Xk_8 = 3.132278264553397e-09
Xk_9 = 4.094481391573068e-11
Xk_10 = 4.309980412182177e-13

Цикл з умовою (до |a_k| < 1e-6):
Xk_0 = 1.0
Xk_1 = 2.0
Xk_2 = 0.6666666666666666
Xk_3 = 0.08888888888888888
Xk_4 = 0.006349206349206348
Xk_5 = 0.0002821869488536155
Xk_6 = 8.551119662230772e-06
Xk_7 = 1.879366958732038e-07
